#	(	20	,	0.416000000000000	)
#	(	21	,	0.421258973025544	)
#	(	22	,	0.428640802269695	)
#	(	23	,	0.439124488886146	)
#	(	24	,	0.454191699991202	)
#	(	25	,	0.476109255360174	)

	(	30	,	0.912000000000000	)
	(	35	,	5.270992343051140	)
	(	40	,	65.936000000000000	)
	(	45	,	1247.374039821090000	)
	(	50	,	33554.832000000000000	)
	(	55	,	1276901.816776800000000	)
#ADDPOINTS
	(	60	,	68719477.136000000000000	)
	(	65	,	5230188203.517770000000000	)
	(	70	,	562949953421.712000000000000	)
	(	75	,	85691403519881.800000000000000	)
	(	80	,	18446744073709600.000000000000000	)
	(	85	,	5615871821078960000.000000000000000	)
	(	90	,	2417851639229260000000.000000000000000	)
	(	95	,	1472167102664920000000000.000000000000000	)
	(	100	,	1267650600228230000000000000.000000000000000	)
	(	105	,	1543679091843960000000000000000.000000000000000	)
	(	110	,	2658455991569830000000000000000000.000000000000000	)
	(	115	,	6474659389637490000000000000000000000.000000000000000	)
	(	120	,	22300745198530600000000000000000000000000.000000000000000	)
	(	125	,	108626759106376000000000000000000000000000000.000000000000000	)
	(	130	,	748288838313422000000000000000000000000000000000.000000000000000	)
	(	135	,	7289818403630620000000000000000000000000000000000000.000000000000000	)
	(	140	,	100433627766187000000000000000000000000000000000000000000.000000000000000	)
	(	145	,	1956845727335800000000000000000000000000000000000000000000000.000000000000000	)
	(	150	,	53919893334301300000000000000000000000000000000000000000000000000.000000000000000	)
	(	155	,	2101147100556140000000000000000000000000000000000000000000000000000000.000000000000000	)